3
0 0
1 0
0 1

5
0 3
0 3
2 0
2 0
2 0

3
0 0
1 0
0 2

2
1 0
1 0

10
0 9
1 8
2 7
3 6
4 5
5 4
6 3
7 2
8 1
9 0

10
5 0
5 0
0 7
0 7
1 8
3 6
4 5
5 4
9 0
8 1

5
2 0
3 0
0 2
0 2
0 3

500
1 498
3 496
5 494
7 492
9 490
11 488
13 486
15 484
17 482
19 480
21 478
23 476
25 474
27 472
29 470
31 468
33 466
35 464
37 462
39 460
41 458
43 456
45 454
47 452
49 450
51 448
53 446
55 444
57 442
59 440
61 438
63 436
65 434
67 432
69 430
71 428
73 426
75 424
77 422
79 420
81 418
83 416
85 414
87 412
89 410
91 408
93 406
95 404
97 402
99 400
101 398
103 396
105 394
107 392
109 390
111 388
113 386
115 384
117 382
119 380
121 378
123 376
125 374
127 372
129 370
131 368
133 366
135 364
137 362
139 360
141 358
143 356
145 354
147 352
149 350
151 348
153 346
155 344
157 342
159 340
161 338
163 336
165 334
167 332
169 330
171 328
173 326
175 324
177 322
179 320
181 318
183 316
185 314
187 312
189 310
191 308
193 306
195 304
197 302
199 300
201 298
203 296
205 294
207 292
209 290
211 288
213 286
215 284
217 282
219 280
221 278
223 276
225 274
227 272
229 270
231 268
233 266
235 264
237 262
239 260
241 258
243 256
245 254
247 252
249 250
251 248
253 246
255 244
257 242
259 240
261 238
263 236
265 234
267 232
269 230
271 228
273 226
275 224
277 222
279 220
281 218
283 216
285 214
287 212
289 210
291 208
293 206
295 204
297 202
299 200
301 198
303 196
305 194
307 192
309 190
311 188
313 186
315 184
317 182
319 180
321 178
323 176
325 174
327 172
329 170
331 168
333 166
335 164
337 162
339 160
341 158
343 156
345 154
347 152
349 150
351 148
353 146
355 144
357 142
359 140
361 138
363 136
365 134
367 132
369 130
371 128
373 126
375 124
377 122
379 120
381 118
383 116
385 114
387 112
389 110
391 108
393 106
395 104
397 102
399 100
401 98
403 96
405 94
407 92
409 90
411 88
413 86
415 84
417 82
419 80
421 78
423 76
425 74
427 72
429 70
431 68
433 66
435 64
437 62
439 60
441 58
443 56
445 54
447 52
449 50
451 48
453 46
455 44
457 42
459 40
461 38
463 36
465 34
467 32
469 30
471 28
473 26
475 24
477 22
479 20
481 18
483 16
485 14
487 12
489 10
491 8
493 6
495 4
497 2
499 0
0 499
2 497
4 495
6 493
8 491
10 489
12 487
14 485
16 483
18 481
20 479
22 477
24 475
26 473
28 471
30 469
32 467
34 465
36 463
38 461
40 459
42 457
44 455
46 453
48 451
50 449
52 447
54 445
56 443
58 441
60 439
62 437
64 435
66 433
68 431
70 429
72 427
74 425
76 423
78 421
80 419
82 417
84 415
86 413
88 411
90 409
92 407
94 405
96 403
98 401
100 399
102 397
104 395
106 393
108 391
110 389
112 387
114 385
116 383
118 381
120 379
122 377
124 375
126 373
128 371
130 369
132 367
134 365
136 363
138 361
140 359
142 357
144 355
146 353
148 351
150 349
152 347
154 345
156 343
158 341
160 339
162 337
164 335
166 333
168 331
170 329
172 327
174 325
176 323
178 321
180 319
182 317
184 315
186 313
188 311
190 309
192 307
194 305
196 303
198 301
200 299
202 297
204 295
206 293
208 291
210 289
212 287
214 285
216 283
218 281
220 279
222 277
224 275
226 273
228 271
230 269
232 267
234 265
236 263
238 261
240 259
242 257
244 255
246 253
248 251
250 249
252 247
254 245
256 243
258 241
260 239
262 237
264 235
266 233
268 231
270 229
272 227
274 225
276 223
278 221
280 219
282 217
284 215
286 213
288 211
290 209
292 207
294 205
296 203
298 201
300 199
302 197
304 195
306 193
308 191
310 189
312 187
314 185
316 183
318 181
320 179
322 177
324 175
326 173
328 171
330 169
332 167
334 165
336 163
338 161
340 159
342 157
344 155
346 153
348 151
350 149
352 147
354 145
356 143
358 141
360 139
362 137
364 135
366 133
368 131
370 129
372 127
374 125
376 123
378 121
380 119
382 117
384 115
386 113
388 111
390 109
392 107
394 105
396 103
398 101
400 99
402 97
404 95
406 93
408 91
410 89
412 87
414 85
416 83
418 81
420 79
422 77
424 75
426 73
428 71
430 69
432 67
434 65
436 63
438 61
440 59
442 57
444 55
446 53
448 51
450 49
452 47
454 45
456 43
458 41
460 39
462 37
464 35
466 33
468 31
470 29
472 27
474 25
476 23
478 21
480 19
482 17
484 15
486 13
488 11
490 9
492 7
494 5
496 3
498 1

500
1 498
3 496
5 494
7 492
9 490
11 488
13 486
15 484
17 482
19 480
21 478
23 476
25 474
27 472
29 470
31 468
33 466
35 464
37 462
39 460
41 458
43 456
45 454
47 452
49 450
51 448
53 446
55 444
57 442
59 440
61 438
63 436
65 434
67 432
69 430
71 428
73 426
75 424
77 422
79 420
81 418
83 416
85 414
87 412
89 410
91 408
93 406
95 404
97 402
99 400
101 398
103 396
105 394
107 392
109 390
111 388
113 386
115 384
117 382
119 380
121 378
123 376
125 374
127 372
129 370
131 368
133 366
135 364
137 362
139 360
141 358
143 356
145 354
147 352
149 350
151 348
153 346
155 344
157 342
159 340
161 338
163 336
165 334
167 332
169 330
171 328
173 326
175 324
177 322
179 320
181 318
183 316
185 314
187 312
189 310
191 308
193 306
195 304
197 302
199 300
201 298
203 296
205 294
207 292
209 290
211 288
213 286
215 284
217 282
219 280
221 278
223 276
225 274
227 272
229 270
231 268
233 266
235 264
237 262
239 260
241 258
243 256
245 254
247 252
249 250
251 248
253 246
255 244
257 242
259 240
261 238
263 236
265 234
267 232
269 230
271 228
273 226
275 224
277 222
279 220
281 218
283 216
285 214
287 212
289 210
291 208
293 206
295 204
297 202
299 200
301 198
303 196
305 194
307 192
309 190
311 188
313 186
315 184
317 182
319 180
321 178
323 176
325 174
327 172
329 170
331 168
333 166
335 164
337 162
339 160
341 158
343 156
345 154
347 152
349 150
351 148
353 146
355 144
357 142
359 140
361 138
363 136
365 134
367 132
369 130
371 128
373 126
375 124
377 122
379 120
381 118
383 116
385 114
387 112
389 110
391 108
393 106
395 104
397 102
399 100
401 98
403 96
405 94
407 92
409 90
411 88
413 86
415 84
417 82
419 80
421 78
423 76
425 74
427 72
429 70
431 68
433 66
435 60
437 62
439 60
441 58
443 56
445 54
447 52
449 50
451 48
453 46
455 44
457 42
459 40
461 38
463 36
465 34
467 32
469 30
471 28
473 26
475 24
477 22
479 20
481 18
483 16
485 14
487 12
489 10
491 8
493 6
495 4
497 2
499 0
0 499
2 497
4 495
6 493
8 491
10 489
12 487
14 485
16 483
18 481
20 479
22 477
24 475
26 473
28 471
30 469
32 467
34 465
36 463
38 461
40 459
42 457
44 455
46 453
48 451
50 449
52 447
54 445
56 443
58 441
60 439
62 437
64 435
66 433
68 431
70 429
72 427
74 425
76 423
78 421
80 419
82 417
84 415
86 413
88 411
90 409
92 407
94 405
96 403
98 401
100 399
102 397
104 395
106 393
108 391
110 389
112 387
114 385
116 383
118 381
120 379
122 377
124 375
126 373
128 371
130 369
132 367
134 365
136 363
138 361
140 359
142 357
144 355
146 353
148 351
150 349
152 347
154 345
156 343
158 341
160 339
162 337
164 335
166 333
168 331
170 329
172 327
174 325
176 323
178 321
180 319
182 317
184 315
186 313
188 311
190 309
192 307
194 305
196 303
198 301
200 299
202 297
204 295
206 293
208 291
210 289
212 287
214 285
216 283
218 281
220 279
222 277
224 275
226 273
228 271
230 269
232 267
234 265
236 263
238 261
240 259
242 257
244 255
246 253
248 251
250 249
252 247
254 245
256 243
258 241
260 239
262 237
264 235
266 233
268 231
270 229
272 227
274 225
276 223
278 221
280 219
282 217
284 215
286 213
288 211
290 209
292 207
294 205
296 203
298 201
300 199
302 197
304 195
306 193
308 191
310 189
312 187
314 185
316 183
318 181
320 179
322 177
324 175
326 173
328 171
330 169
332 167
334 165
336 163
338 161
340 159
342 157
344 155
346 153
348 151
350 149
352 147
354 145
356 143
358 141
360 139
362 137
364 135
366 133
368 131
370 129
372 127
374 125
376 123
378 121
380 119
382 117
384 115
386 113
388 111
390 109
392 107
394 105
396 103
398 101
400 99
402 97
404 95
406 93
408 91
410 89
412 87
414 85
416 83
418 81
420 79
422 77
424 75
426 73
428 71
430 69
432 67
434 65
436 63
438 61
440 59
442 57
444 55
446 53
448 51
450 49
452 47
454 45
456 43
458 41
460 39
462 37
464 35
466 33
468 31
470 29
472 27
474 25
476 23
478 21
480 19
482 17
484 15
486 13
488 11
490 9
492 7
494 5
496 3
498 1
